atm file : ./atm_trans_0_1_10_0_0_0.dat
0.85 200 10.6375 2.30432e-11
0.85 201 7.07263 8.45999e-08
0.85 202 6.64539 2.26261e-07
0.85 203 6.64539 2.26261e-07
0.85 204 6.64539 2.26261e-07
0.85 205 6.57426 2.66524e-07
0.85 206 6.51658 3.04386e-07
0.85 207 6.43504 3.6725e-07
0.85 208 6.34318 4.5375e-07
0.85 209 6.22554 5.94926e-07
0.85 210 6.10327 7.88377e-07
0.85 211 5.96688 1.07924e-06
0.85 212 5.81599 1.52762e-06
0.85 213 5.6602 2.18675e-06
0.85 214 5.49337 3.21092e-06
0.85 215 5.32185 4.76598e-06
0.85 216 5.14271 7.19936e-06
0.85 217 4.96015 1.09611e-05
0.85 218 4.77641 1.67336e-05
0.85 219 4.58841 2.57984e-05
0.85 220 4.40213 3.96159e-05
0.85 221 4.21889 6.04104e-05
0.85 222 4.0375 9.1727e-05
0.85 223 3.85742 0.000138862
0.85 224 3.683 0.000207493
0.85 225 3.51368 0.000306424
0.85 226 3.35116 0.000445489
0.85 227 3.19375 0.000640109
0.85 228 3.04282 0.0009061
0.85 229 2.90057 0.00125729
0.85 230 2.76526 0.00171686
0.85 231 2.6374 0.00230464
0.85 232 2.51732 0.00303866
0.85 233 2.40453 0.0039398
0.85 234 2.30245 0.00498368
0.85 235 2.20294 0.00626699
0.85 236 2.11498 0.00767402
0.85 237 2.03295 0.00926934
0.85 238 1.95746 0.0110292
0.85 239 1.89085 0.0128572
0.85 240 1.82488 0.0149665
0.85 241 1.76983 0.016989
0.85 242 1.7148 0.0192842
0.85 243 1.67185 0.021289
0.85 244 1.62081 0.0239439
0.85 245 1.58032 0.0262832
0.85 246 1.53529 0.029155
0.85 247 1.50461 0.0312886
0.85 248 1.47041 0.0338524
0.85 249 1.44814 0.0356334
0.85 250 1.41037 0.0388715
0.85 251 1.38965 0.0407709
0.85 252 1.35872 0.0437807
0.85 253 1.33357 0.0463909
0.85 254 1.30417 0.0496395
0.85 255 1.29344 0.0508816
0.85 256 1.24847 0.0564325
0.85 257 1.22285 0.059862
0.85 258 1.21271 0.0612757
0.85 259 1.16753 0.0679933
0.85 260 1.14924 0.0709181
0.85 261 1.10892 0.0778173
0.85 262 1.08943 0.0813891
0.85 263 1.03949 0.091308
0.85 264 1.02728 0.0939113
0.85 265 0.99003 0.102322
0.85 266 0.952307 0.111607
0.85 267 0.920075 0.120206
0.85 268 0.880372 0.131713
0.85 269 0.852464 0.140455
0.85 270 0.817812 0.152121
0.85 271 0.783494 0.164629
0.85 272 0.752114 0.176964
0.85 273 0.716734 0.191984
0.85 274 0.676953 0.210401
0.85 275 0.648667 0.22456
0.85 276 0.617112 0.241484
0.85 277 0.589078 0.257586
0.85 278 0.557568 0.27697
0.85 279 0.530198 0.294986
0.85 280 0.500829 0.315625
0.85 281 0.473466 0.336151
0.85 282 0.449323 0.355367
0.85 283 0.43231 0.369564
0.85 284 0.40643 0.392256
0.85 285 0.384597 0.41248
0.85 286 0.367609 0.428935
0.85 287 0.349806 0.446883
0.85 288 0.331204 0.46644
0.85 289 0.316276 0.482752
0.85 290 0.303495 0.49717
0.85 291 0.289858 0.513029
0.85 292 0.278122 0.527082
0.85 293 0.266851 0.54094
0.85 294 0.257527 0.552679
0.85 295 0.247971 0.564975
0.85 296 0.239643 0.575913
0.85 297 0.232064 0.586052
0.85 298 0.225195 0.595395
0.85 299 0.218722 0.604335
0.85 300 0.213272 0.611967
0.85 301 0.207555 0.620076
0.85 302 0.20328 0.62621
0.85 303 0.198379 0.633317
0.85 304 0.194961 0.638321
0.85 305 0.190572 0.644804
0.85 306 0.187696 0.649089
0.85 307 0.183888 0.654805
0.85 308 0.181276 0.658755
0.85 309 0.17817 0.663483
0.85 310 0.175505 0.667567
0.85 311 0.17311 0.671259
0.85 312 0.170444 0.675392
0.85 313 0.168436 0.678522
0.85 314 0.166001 0.682337
0.85 315 0.164156 0.685242
0.85 316 0.16196 0.688716
0.85 317 0.16028 0.691385
0.85 318 0.158164 0.694762
0.85 319 0.156518 0.6974
0.85 320 0.15486 0.700068
0.85 321 0.15293 0.703186
0.85 322 0.151759 0.705084
0.85 323 0.149771 0.708319
0.85 324 0.14839 0.710575
0.85 325 0.14706 0.712755
0.85 326 0.145379 0.715519
0.85 327 0.14415 0.717546
0.85 328 0.142877 0.719653
0.85 329 0.141309 0.722256
0.85 330 0.140118 0.724239
0.85 331 0.138936 0.726213
0.85 332 0.137514 0.728595
0.85 333 0.136399 0.730468
0.85 334 0.135177 0.732526
0.85 335 0.133881 0.734715
0.85 336 0.132763 0.736609
0.85 337 0.131704 0.738407
0.85 338 0.130507 0.740445
0.85 339 0.129432 0.74228
0.85 340 0.128408 0.744033
0.85 341 0.127291 0.745949
0.85 342 0.126224 0.747784
0.85 343 0.12525 0.749463
0.85 344 0.124289 0.751123
0.85 345 0.123278 0.752873
0.85 346 0.122294 0.754581
0.85 347 0.121335 0.756249
0.85 348 0.120388 0.7579
0.85 349 0.119459 0.759523
0.85 350 0.118558 0.7611
0.85 351 0.117632 0.762725
0.85 352 0.116702 0.76436
0.85 353 0.11586 0.765843
0.85 354 0.114962 0.767429
0.85 355 0.114114 0.768929
0.85 356 0.113273 0.770419
0.85 357 0.112448 0.771884
0.85 358 0.111632 0.773336
0.85 359 0.11082 0.774783
0.85 360 0.110016 0.776219
0.85 361 0.109215 0.777651
0.85 362 0.108424 0.779069
0.85 363 0.107652 0.780455
0.85 364 0.10691 0.78179
0.85 365 0.106153 0.783154
0.85 366 0.105405 0.784504
0.85 367 0.104672 0.785829
0.85 368 0.103949 0.787138
0.85 369 0.103252 0.788403
0.85 370 0.10252 0.789732
0.85 371 0.101835 0.790979
0.85 372 0.101132 0.79226
0.85 373 0.100444 0.793517
0.85 374 0.099781 0.794729
0.85 375 0.099142 0.795899
0.85 376 0.098487 0.7971
0.85 377 0.097841 0.798287
0.85 378 0.097203 0.79946
0.85 379 0.096566 0.800634
0.85 380 0.095929 0.801809
0.85 381 0.0953 0.802971
0.85 382 0.09468 0.804118
0.85 383 0.094066 0.805256
0.85 384 0.093479 0.806345
0.85 385 0.092883 0.807453
0.85 386 0.092303 0.808532
0.85 387 0.091719 0.80962
0.85 388 0.091163 0.810657
0.85 389 0.090607 0.811695
0.85 390 0.090059 0.81272
0.85 391 0.089504 0.813759
0.85 392 0.088957 0.814785
0.85 393 0.088411 0.81581
0.85 394 0.087873 0.816821
0.85 395 0.087344 0.817817
0.85 396 0.086807 0.818829
0.85 397 0.086303 0.819779
0.85 398 0.085793 0.820743
0.85 399 0.085295 0.821684
0.85 400 0.084787 0.822646
0.85 401 0.084288 0.823592
0.85 402 0.083791 0.824535
0.85 403 0.0833 0.825468
0.85 404 0.082829 0.826363
0.85 405 0.082368 0.827241
0.85 406 0.081888 0.828156
0.85 407 0.081419 0.829051
0.85 408 0.080939 0.829967
0.85 409 0.080491 0.830824
0.85 410 0.080063 0.831643
0.85 411 0.079603 0.832524
0.85 412 0.079169 0.833357
0.85 413 0.07871 0.834238
0.85 414 0.078286 0.835053
0.85 415 0.077853 0.835886
0.85 416 0.077421 0.836718
0.85 417 0.077007 0.837516
0.85 418 0.076596 0.838309
0.85 419 0.076179 0.839114
0.85 420 0.075762 0.83992
0.85 421 0.07537 0.840679
0.85 422 0.074978 0.841438
0.85 423 0.074562 0.842244
0.85 424 0.074146 0.843051
0.85 425 0.073754 0.843813
0.85 426 0.073373 0.844553
0.85 427 0.073001 0.845277
0.85 428 0.072624 0.846011
0.85 429 0.072248 0.846744
0.85 430 0.071887 0.847448
0.85 431 0.071496 0.848211
0.85 432 0.071135 0.848917
0.85 433 0.070766 0.849638
0.85 434 0.070422 0.850311
0.85 435 0.070068 0.851005
0.85 436 0.069711 0.851705
0.85 437 0.06935 0.852413
0.85 438 0.068999 0.853102
0.85 439 0.068654 0.85378
0.85 440 0.068332 0.854413
0.85 441 0.067977 0.855112
0.85 442 0.067626 0.855803
0.85 443 0.067305 0.856436
0.85 444 0.066984 0.857069
0.85 445 0.066663 0.857703
0.85 446 0.066332 0.858357
0.85 447 0.066012 0.85899
0.85 448 0.065691 0.859625
0.85 449 0.065371 0.860259
0.85 450 0.065051 0.860893
0.85 451 0.064731 0.861527
0.85 452 0.064432 0.862121
0.85 453 0.064133 0.862714
0.85 454 0.063813 0.86335
0.85 455 0.063504 0.863965
0.85 456 0.063212 0.864546
0.85 457 0.062919 0.865129
0.85 458 0.062632 0.865701
0.85 459 0.062333 0.866297
0.85 460 0.062041 0.86688
0.85 461 0.061769 0.867423
0.85 462 0.061482 0.867997
0.85 463 0.06119 0.86858
0.85 464 0.060918 0.869125
0.85 465 0.060621 0.869719
0.85 466 0.060328 0.870306
0.85 467 0.060069 0.870825
0.85 468 0.059797 0.871371
0.85 469 0.059526 0.871915
0.85 470 0.059243 0.872483
0.85 471 0.058995 0.872981
0.85 472 0.058713 0.873548
0.85 473 0.058453 0.874072
0.85 474 0.058194 0.874593
0.85 475 0.057935 0.875115
0.85 476 0.057664 0.875661
0.85 477 0.057417 0.876159
0.85 478 0.057182 0.876633
0.85 479 0.056923 0.877156
0.85 480 0.056676 0.877655
0.85 481 0.056429 0.878155
0.85 482 0.056159 0.878701
0.85 483 0.055922 0.87918
0.85 484 0.055677 0.879677
0.85 485 0.055433 0.880171
0.85 486 0.055184 0.880676
0.85 487 0.054945 0.88116
0.85 488 0.054703 0.881652
0.85 489 0.054456 0.882153
0.85 490 0.054232 0.882608
0.85 491 0.054008 0.883064
0.85 492 0.053764 0.88356
0.85 493 0.053533 0.88403
0.85 494 0.053308 0.884488
0.85 495 0.053084 0.884944
0.85 496 0.052873 0.885374
0.85 497 0.052636 0.885858
0.85 498 0.052426 0.886286
0.85 499 0.052202 0.886743
0.85 500 0.051978 0.887201
0.85 501 0.051767 0.887632
0.85 502 0.051556 0.888063
0.85 503 0.051346 0.888493
0.85 504 0.051135 0.888925
0.85 505 0.050899 0.889408
0.85 506 0.050688 0.88984
0.85 507 0.050467 0.890293
0.85 508 0.050268 0.890701
0.85 509 0.050057 0.891134
0.85 510 0.049821 0.891618
0.85 511 0.049626 0.892019
0.85 512 0.049427 0.892428
0.85 513 0.04922 0.892853
0.85 514 0.049006 0.893293
0.85 515 0.048796 0.893725
0.85 516 0.048605 0.894118
0.85 517 0.04841 0.89452
0.85 518 0.048219 0.894913
0.85 519 0.04802 0.895324
0.85 520 0.047799 0.895779
0.85 521 0.047601 0.896188
0.85 522 0.047421 0.896559
0.85 523 0.047223 0.896968
0.85 524 0.047032 0.897363
0.85 525 0.046867 0.897704
0.85 526 0.046687 0.898076
0.85 527 0.046489 0.898485
0.85 528 0.046298 0.898881
0.85 529 0.046104 0.899282
0.85 530 0.045924 0.899655
0.85 531 0.045745 0.900026
0.85 532 0.045565 0.900399
0.85 533 0.045371 0.900801
0.85 534 0.045192 0.901173
0.85 535 0.045012 0.901546
0.85 536 0.044833 0.901918
0.85 537 0.044639 0.902321
0.85 538 0.04446 0.902693
0.85 539 0.04428 0.903067
0.85 540 0.044101 0.903439
0.85 541 0.043917 0.903822
0.85 542 0.043758 0.904153
0.85 543 0.043579 0.904526
0.85 544 0.043385 0.90493
0.85 545 0.043221 0.905272
0.85 546 0.043057 0.905614
0.85 547 0.042863 0.906018
0.85 548 0.042684 0.906392
0.85 549 0.042525 0.906724
0.85 550 0.042356 0.907077
0.85 551 0.042229 0.907342
0.85 552 0.042103 0.907605
0.85 553 0.041986 0.90785
0.85 554 0.041834 0.908168
0.85 555 0.041708 0.908431
0.85 556 0.041581 0.908697
0.85 557 0.04143 0.909013
0.85 558 0.041313 0.909258
0.85 559 0.041187 0.909522
0.85 560 0.041065 0.909777
0.85 561 0.041045 0.909819
0.85 562 0.041221 0.90945
0.85 563 0.040996 0.909922
0.85 564 0.041149 0.909601
0.85 565 0.041013 0.909886
0.85 566 0.041326 0.909231
0.85 567 0.043447 0.904801
0.85 568 0.053476 0.884146
0.85 569 0.057735 0.875518
0.85 570 0.049908 0.89144
0.85 571 0.048315 0.894716
0.85 572 0.051908 0.887344
0.85 573 0.049068 0.893166
0.85 574 0.050785 0.889641
0.85 575 0.048875 0.893563
0.85 576 0.04676 0.897925
0.85 577 0.045817 0.899877
0.85 578 0.042351 0.907087
0.85 579 0.041135 0.90963
0.85 580 0.040909 0.910104
0.85 581 0.040058 0.911889
0.85 582 0.040267 0.91145
0.85 583 0.041117 0.909668
0.85 584 0.041482 0.908904
0.85 585 0.041534 0.908795
0.85 586 0.044328 0.902967
0.85 587 0.054069 0.88294
0.85 588 0.08065 0.83052
0.85 589 0.095759 0.802123
0.85 590 0.087237 0.818018
0.85 591 0.080993 0.829864
0.85 592 0.079133 0.833426
0.85 593 0.066033 0.858948
0.85 594 0.087866 0.816834
0.85 595 0.074167 0.843011
0.85 596 0.064453 0.862079
0.85 597 0.06509 0.860815
0.85 598 0.057382 0.87623
0.85 599 0.053148 0.884814
0.85 600 0.046096 0.899299
0.85 601 0.04201 0.9078
0.85 602 0.039053 0.914002
0.85 603 0.037473 0.917333
0.85 604 0.036647 0.919079
0.85 605 0.036 0.92045
0.85 606 0.035748 0.920984
0.85 607 0.035565 0.921372
0.85 608 0.035441 0.921635
0.85 609 0.035316 0.9219
0.85 610 0.035192 0.922164
0.85 611 0.035075 0.922412
0.85 612 0.034964 0.922648
0.85 613 0.034861 0.922867
0.85 614 0.034757 0.923088
0.85 615 0.034643 0.92333
0.85 616 0.034529 0.923573
0.85 617 0.034426 0.923792
0.85 618 0.034322 0.924013
0.85 619 0.034212 0.924247
0.85 620 0.034095 0.924496
0.85 621 0.033991 0.924717
0.85 622 0.033888 0.924937
0.85 623 0.033784 0.925158
0.85 624 0.033681 0.925378
0.85 625 0.033677 0.925386
0.85 626 0.037037 0.918254
0.85 627 0.046211 0.899061
0.85 628 0.052283 0.886578
0.85 629 0.047847 0.89568
0.85 630 0.040718 0.910504
0.85 631 0.043367 0.904968
0.85 632 0.044056 0.903533
0.85 633 0.038907 0.914309
0.85 634 0.03924 0.913608
0.85 635 0.038554 0.915052
0.85 636 0.037577 0.917113
0.85 637 0.0371 0.918121
0.85 638 0.035503 0.921504
0.85 639 0.034954 0.922669
0.85 640 0.034467 0.923704
0.85 641 0.03426 0.924145
0.85 642 0.034799 0.922999
0.85 643 0.03656 0.919263
0.85 644 0.038866 0.914395
0.85 645 0.045562 0.900405
0.85 646 0.060812 0.869337
0.85 647 0.074314 0.842725
0.85 648 0.077356 0.836843
0.85 649 0.062301 0.866361
0.85 650 0.047931 0.895507
0.85 651 0.061748 0.867465
0.85 652 0.055196 0.880651
0.85 653 0.049689 0.891889
0.85 654 0.053359 0.884384
0.85 655 0.057523 0.875945
0.85 656 0.053374 0.884354
0.85 657 0.049295 0.892699
0.85 658 0.044788 0.902011
0.85 659 0.039547 0.912963
0.85 660 0.037785 0.916674
0.85 661 0.033608 0.925533
0.85 662 0.032647 0.927583
0.85 663 0.032678 0.927517
0.85 664 0.032441 0.928024
0.85 665 0.03131 0.930443
0.85 666 0.030995 0.931119
0.85 667 0.030176 0.932876
0.85 668 0.029655 0.933996
0.85 669 0.029403 0.934538
0.85 670 0.029243 0.934882
0.85 671 0.029068 0.935259
0.85 672 0.028976 0.935457
0.85 673 0.028888 0.935647
0.85 674 0.02879 0.935858
0.85 675 0.028708 0.936035
0.85 676 0.028682 0.936091
0.85 677 0.028544 0.936388
0.85 678 0.028502 0.936479
0.85 679 0.028785 0.935869
0.85 680 0.029532 0.934261
0.85 681 0.030305 0.932599
0.85 682 0.030769 0.931603
0.85 683 0.031078 0.930941
0.85 684 0.032368 0.92818
0.85 685 0.0318 0.929394
0.85 686 0.046515 0.898432
0.85 687 0.11044 0.775461
0.85 688 0.074239 0.842871
0.85 689 0.081129 0.829604
0.85 690 0.067797 0.855466
0.85 691 0.05975 0.871465
0.85 692 0.070905 0.849366
0.85 693 0.101701 0.791223
0.85 694 0.110429 0.775481
0.85 695 0.10339 0.788152
0.85 696 0.075883 0.839686
0.85 697 0.055698 0.879634
0.85 698 0.076098 0.839271
0.85 699 0.10123 0.792082
0.85 700 0.098964 0.796225
0.85 701 0.102282 0.790165
0.85 702 0.093059 0.807125
0.85 703 0.062195 0.866573
0.85 704 0.070825 0.849523
0.85 705 0.081102 0.829656
0.85 706 0.075209 0.84099
0.85 707 0.073566 0.844178
0.85 708 0.062328 0.866307
0.85 709 0.062833 0.865301
0.85 710 0.067449 0.856152
0.85 711 0.054192 0.88269
0.85 712 0.052417 0.886305
0.85 713 0.059193 0.872584
0.85 714 0.065819 0.859372
0.85 715 0.075856 0.839738
0.85 716 0.11205 0.772592
0.85 717 0.201841 0.628288
0.85 718 0.233541 0.584062
0.85 719 0.265464 0.54267
0.85 720 0.23064 0.587977
0.85 721 0.128743 0.743459
0.85 722 0.103889 0.787247
0.85 723 0.169632 0.676656
0.85 724 0.19839 0.633301
0.85 725 0.191433 0.643527
0.85 726 0.193463 0.640526
0.85 727 0.200007 0.630947
0.85 728 0.170788 0.674857
0.85 729 0.179276 0.661796
0.85 730 0.175753 0.667186
0.85 731 0.166448 0.681635
0.85 732 0.109564 0.777027
0.85 733 0.084986 0.822269
0.85 734 0.072463 0.846325
0.85 735 0.083871 0.824383
0.85 736 0.09302 0.807198
0.85 737 0.07573 0.839982
0.85 738 0.067396 0.856257
0.85 739 0.05975 0.871465
0.85 740 0.047406 0.89659
0.85 741 0.04249 0.906797
0.85 742 0.038975 0.914166
0.85 743 0.032317 0.928289
0.85 744 0.030305 0.932599
0.85 745 0.028065 0.937422
0.85 746 0.026892 0.939957
0.85 747 0.026344 0.941144
0.85 748 0.025318 0.94337
0.85 749 0.025087 0.943872
0.85 750 0.025865 0.942182
0.85 751 0.025113 0.943815
0.85 752 0.024395 0.945377
0.85 753 0.024088 0.946045
0.85 754 0.023985 0.94627
0.85 755 0.023934 0.946381
0.85 756 0.023883 0.946492
0.85 757 0.024011 0.946213
0.85 758 0.027919 0.937737
0.85 759 0.155748 0.698638
0.85 760 0.485266 0.32714
0.85 761 0.339046 0.458093
0.85 762 0.227612 0.59209
0.85 763 0.276215 0.529401
0.85 764 0.216375 0.60761
0.85 765 0.141391 0.722119
0.85 766 0.087266 0.817964
0.85 767 0.05929 0.872389
0.85 768 0.041108 0.909687
0.85 769 0.0318 0.929394
0.85 770 0.026892 0.939957
0.85 771 0.0246 0.944931
0.85 772 0.024088 0.946045
0.85 773 0.023729 0.946828
0.85 774 0.023473 0.947386
0.85 775 0.023235 0.947905
0.85 776 0.023098 0.948204
0.85 777 0.023294 0.947777
0.85 778 0.023405 0.947534
0.85 779 0.02361 0.947087
0.85 780 0.023473 0.947386
0.85 781 0.0232 0.947982
0.85 782 0.023405 0.947534
0.85 783 0.023576 0.947161
0.85 784 0.02519 0.943648
0.85 785 0.027988 0.937588
0.85 786 0.034937 0.922705
0.85 787 0.042908 0.905924
0.85 788 0.052162 0.886825
0.85 789 0.067209 0.856626
0.85 790 0.064005 0.862969
0.85 791 0.061308 0.868344
0.85 792 0.0577 0.875588
0.85 793 0.044788 0.902011
0.85 794 0.038845 0.91444
0.85 795 0.054597 0.881867
0.85 796 0.073611 0.84409
0.85 797 0.057205 0.876587
0.85 798 0.050101 0.891044
0.85 799 0.054984 0.881081
0.85 800 0.064752 0.861486
0.85 801 0.063472 0.864028
0.85 802 0.066104 0.858808
0.85 803 0.060989 0.868982
0.85 804 0.0559 0.879225
0.85 805 0.044231 0.903169
0.85 806 0.040961 0.909995
0.85 807 0.041343 0.909195
0.85 808 0.046009 0.899479
0.85 809 0.050627 0.889965
0.85 810 0.05657 0.87787
0.85 811 0.069529 0.852062
0.85 812 0.082947 0.826139
0.85 813 0.105064 0.78512
0.85 814 0.124912 0.750046
0.85 815 0.158332 0.694493
0.85 816 0.182442 0.656989
0.85 817 0.17829 0.6633
0.85 818 0.172272 0.672555
0.85 819 0.15319 0.702765
0.85 820 0.105286 0.784719
0.85 821 0.085631 0.821049
0.85 822 0.14765 0.711787
0.85 823 0.194435 0.639094
0.85 824 0.105286 0.784719
0.85 825 0.081608 0.82869
0.85 826 0.087994 0.816594
0.85 827 0.107177 0.781309
0.85 828 0.124732 0.750357
0.85 829 0.109778 0.776644
0.85 830 0.099084 0.796005
0.85 831 0.099047 0.796073
0.85 832 0.093322 0.806637
0.85 833 0.087521 0.817484
0.85 834 0.072499 0.846255
0.85 835 0.063508 0.863957
0.85 836 0.06985 0.851432
0.85 837 0.066888 0.857259
0.85 838 0.060352 0.870258
0.85 839 0.054738 0.881581
0.85 840 0.054984 0.881081
0.85 841 0.05823 0.874521
0.85 842 0.048945 0.893419
0.85 843 0.039677 0.912689
0.85 844 0.035834 0.920801
0.85 845 0.03366 0.925422
0.85 846 0.030597 0.931972
0.85 847 0.029703 0.933893
0.85 848 0.034005 0.924688
0.85 849 0.033557 0.925642
0.85 850 0.036612 0.919153
0.85 851 0.039677 0.912689
0.85 852 0.036249 0.919922
0.85 853 0.033936 0.924834
0.85 854 0.033608 0.925533
0.85 855 0.030322 0.932563
0.85 856 0.02607 0.941738
0.85 857 0.025061 0.943928
0.85 858 0.023166 0.948056
0.85 859 0.02136 0.952007
0.85 860 0.020475 0.953949
0.85 861 0.020356 0.95421
0.85 862 0.019897 0.955219
0.85 863 0.019863 0.955294
0.85 864 0.019489 0.956117
0.85 865 0.019251 0.956641
0.85 866 0.019217 0.956716
0.85 867 0.019285 0.956566
0.85 868 0.019285 0.956566
0.85 869 0.019285 0.956566
0.85 870 0.019387 0.956341
0.85 871 0.019183 0.956791
0.85 872 0.019115 0.956941
0.85 873 0.019489 0.956117
0.85 874 0.019557 0.955967
0.85 875 0.019693 0.955668
0.85 876 0.020203 0.954546
0.85 877 0.020781 0.953277
0.85 878 0.02199 0.950627
0.85 879 0.022382 0.949769
0.85 880 0.023678 0.946939
0.85 881 0.024634 0.944857
0.85 882 0.024959 0.94415
0.85 883 0.024498 0.945153
0.85 884 0.0246 0.944931
0.85 885 0.028039 0.937478
0.85 886 0.029566 0.934187
0.85 887 0.027628 0.938365
0.85 888 0.027577 0.938476
0.85 889 0.027834 0.93792
0.85 890 0.031112 0.930868
0.85 891 0.035834 0.920801
0.85 892 0.052628 0.885874
0.85 893 0.078124 0.835364
0.85 894 0.103732 0.787532
0.85 895 0.150823 0.706605
0.85 896 0.204076 0.625063
0.85 897 0.234647 0.582577
0.85 898 0.272465 0.533992
0.85 899 0.313684 0.485642
0.85 900 0.311884 0.487659
0.85 901 0.32774 0.470176
0.85 902 0.292181 0.510292
0.85 903 0.190797 0.64447
0.85 904 0.144217 0.717436
0.85 905 0.157883 0.695212
0.85 906 0.209364 0.617499
0.85 907 0.286927 0.516503
0.85 908 0.309587 0.490245
0.85 909 0.314391 0.484852
0.85 910 0.295781 0.50608
0.85 911 0.266095 0.541882
0.85 912 0.302254 0.498593
0.85 913 0.348636 0.448089
0.85 914 0.301466 0.499498
0.85 915 0.296319 0.505453
0.85 916 0.284221 0.519731
0.85 917 0.275578 0.530178
0.85 918 0.242072 0.572701
0.85 919 0.173719 0.670318
0.85 920 0.151637 0.705282
0.85 921 0.158996 0.693432
0.85 922 0.156771 0.696994
0.85 923 0.179605 0.661295
0.85 924 0.203463 0.625946
0.85 925 0.199915 0.631081
0.85 926 0.211462 0.614523
0.85 927 0.259548 0.550113
0.85 928 0.328689 0.469149
0.85 929 0.424571 0.376209
0.85 930 0.552603 0.280154
0.85 931 0.733275 0.18481
0.85 932 0.909688 0.123115
0.85 933 1.09991 0.0794487
0.85 934 1.28428 0.0519662
0.85 935 1.24862 0.0564128
0.85 936 1.20214 0.0627854
0.85 937 1.15091 0.070647
0.85 938 0.809232 0.155156
0.85 939 0.507498 0.310815
0.85 940 0.478843 0.332014
0.85 941 0.552429 0.280266
0.85 942 0.738703 0.182514
0.85 943 0.892574 0.128064
0.85 944 0.886247 0.129943
0.85 945 0.828623 0.148381
0.85 946 0.792231 0.16135
0.85 947 0.714779 0.192851
0.85 948 0.690052 0.204149
0.85 949 0.711617 0.19426
0.85 950 0.658553 0.219506
0.85 951 0.609542 0.24573
0.85 952 0.678653 0.209579
0.85 953 0.582769 0.261355
0.85 954 0.563084 0.273474
0.85 955 0.615168 0.242567
0.85 956 0.554429 0.278979
0.85 957 0.419158 0.380927
0.85 958 0.41317 0.386216
0.85 959 0.448634 0.355931
0.85 960 0.450986 0.354009
0.85 961 0.463147 0.344233
0.85 962 0.423833 0.376849
0.85 963 0.356389 0.44016
0.85 964 0.344676 0.452193
0.85 965 0.352256 0.444369
0.85 966 0.336662 0.460615
0.85 967 0.257347 0.552908
0.85 968 0.169168 0.677379
0.85 969 0.146877 0.713055
0.85 970 0.144852 0.716388
0.85 971 0.150707 0.706794
0.85 972 0.167059 0.680677
0.85 973 0.195954 0.636863
0.85 974 0.226524 0.593576
0.85 975 0.236989 0.579443
0.85 976 0.204813 0.624003
0.85 977 0.169445 0.676948
0.85 978 0.174413 0.669248
0.85 979 0.150765 0.7067
0.85 980 0.115523 0.766438
0.85 981 0.114177 0.768817
0.85 982 0.116983 0.763866
0.85 983 0.092115 0.808882
0.85 984 0.07327 0.844754
0.85 985 0.059538 0.871891
0.85 986 0.045992 0.899514
0.85 987 0.041656 0.90854
0.85 988 0.039625 0.912799
0.85 989 0.038169 0.915864
0.85 990 0.035886 0.920691
0.85 991 0.031336 0.930388
0.85 992 0.029892 0.933486
0.85 993 0.027937 0.937698
0.85 994 0.023422 0.947497
0.85 995 0.020815 0.953202
0.85 996 0.021019 0.952754
0.85 997 0.02332 0.94772
0.85 998 0.026087 0.941701
0.85 999 0.026652 0.940477
